{
 "cells": [
  {
   "cell_type": "code",
   "execution_count": 7,
   "metadata": {},
   "outputs": [
    {
     "ename": "ModuleNotFoundError",
     "evalue": "No module named 'plotly'",
     "output_type": "error",
     "traceback": [
      "\u001b[0;31m---------------------------------------------------------------------------\u001b[0m",
      "\u001b[0;31mModuleNotFoundError\u001b[0m                       Traceback (most recent call last)",
      "\u001b[0;32m<ipython-input-7-270977b689b1>\u001b[0m in \u001b[0;36m<module>\u001b[0;34m\u001b[0m\n\u001b[1;32m      2\u001b[0m \u001b[0;32mimport\u001b[0m \u001b[0mseaborn\u001b[0m \u001b[0;32mas\u001b[0m \u001b[0msns\u001b[0m\u001b[0;34m\u001b[0m\u001b[0;34m\u001b[0m\u001b[0m\n\u001b[1;32m      3\u001b[0m \u001b[0;32mimport\u001b[0m \u001b[0mmatplotlib\u001b[0m\u001b[0;34m.\u001b[0m\u001b[0mpyplot\u001b[0m \u001b[0;32mas\u001b[0m \u001b[0mplt\u001b[0m\u001b[0;34m\u001b[0m\u001b[0;34m\u001b[0m\u001b[0m\n\u001b[0;32m----> 4\u001b[0;31m \u001b[0;32mimport\u001b[0m \u001b[0mplotly\u001b[0m\u001b[0;34m.\u001b[0m\u001b[0mexpress\u001b[0m \u001b[0;32mas\u001b[0m \u001b[0mpx\u001b[0m\u001b[0;34m\u001b[0m\u001b[0;34m\u001b[0m\u001b[0m\n\u001b[0m\u001b[1;32m      5\u001b[0m \u001b[0;32mimport\u001b[0m \u001b[0mplotly\u001b[0m\u001b[0;34m.\u001b[0m\u001b[0mgraph_objects\u001b[0m \u001b[0;32mas\u001b[0m \u001b[0mgo\u001b[0m\u001b[0;34m\u001b[0m\u001b[0;34m\u001b[0m\u001b[0m\n\u001b[1;32m      6\u001b[0m \u001b[0;32mfrom\u001b[0m \u001b[0mplotly\u001b[0m\u001b[0;34m.\u001b[0m\u001b[0msubplots\u001b[0m \u001b[0;32mimport\u001b[0m \u001b[0mmake_subplots\u001b[0m\u001b[0;34m\u001b[0m\u001b[0;34m\u001b[0m\u001b[0m\n",
      "\u001b[0;31mModuleNotFoundError\u001b[0m: No module named 'plotly'"
     ]
    }
   ],
   "source": [
    "import pandas as pd\n",
    "import seaborn as sns\n",
    "import matplotlib.pyplot as plt\n",
    "import plotly.express as px\n",
    "import plotly.graph_objects as go\n",
    "from plotly.subplots import make_subplots\n",
    "import plotly.figure_factory as ff\n"
   ]
  },
  {
   "cell_type": "code",
   "execution_count": null,
   "metadata": {},
   "outputs": [],
   "source": [
    "df = pd.read_csv('L1_squad_standings_cleaned.csv')\n",
    "df_2021 = df.loc[df[\"Season\"] == 2021]\n",
    "df = df.loc[df[\"Season\"] != 2021]"
   ]
  },
  {
   "cell_type": "code",
   "execution_count": null,
   "metadata": {},
   "outputs": [
    {
     "data": {
      "text/html": [
       "<div>\n",
       "<style scoped>\n",
       "    .dataframe tbody tr th:only-of-type {\n",
       "        vertical-align: middle;\n",
       "    }\n",
       "\n",
       "    .dataframe tbody tr th {\n",
       "        vertical-align: top;\n",
       "    }\n",
       "\n",
       "    .dataframe thead th {\n",
       "        text-align: right;\n",
       "    }\n",
       "</style>\n",
       "<table border=\"1\" class=\"dataframe\">\n",
       "  <thead>\n",
       "    <tr style=\"text-align: right;\">\n",
       "      <th></th>\n",
       "      <th>Season</th>\n",
       "      <th>Position</th>\n",
       "      <th>Team</th>\n",
       "      <th>Matches</th>\n",
       "      <th>Wins</th>\n",
       "      <th>Draws</th>\n",
       "      <th>Losses</th>\n",
       "      <th>Goals</th>\n",
       "      <th>Points</th>\n",
       "      <th>GF</th>\n",
       "      <th>GA</th>\n",
       "      <th>Arrivals</th>\n",
       "      <th>Expenditure</th>\n",
       "      <th>Departures</th>\n",
       "      <th>Income</th>\n",
       "      <th>Balance</th>\n",
       "      <th>Squad</th>\n",
       "      <th>Average_age</th>\n",
       "      <th>Market_value</th>\n",
       "      <th>Pts_year_before</th>\n",
       "    </tr>\n",
       "  </thead>\n",
       "  <tbody>\n",
       "    <tr>\n",
       "      <th>0</th>\n",
       "      <td>2011</td>\n",
       "      <td>16</td>\n",
       "      <td>AC Ajaccio</td>\n",
       "      <td>38</td>\n",
       "      <td>9</td>\n",
       "      <td>14</td>\n",
       "      <td>15</td>\n",
       "      <td>40:61</td>\n",
       "      <td>41</td>\n",
       "      <td>40</td>\n",
       "      <td>61</td>\n",
       "      <td>11</td>\n",
       "      <td>200000</td>\n",
       "      <td>7</td>\n",
       "      <td>0</td>\n",
       "      <td>200000</td>\n",
       "      <td>33</td>\n",
       "      <td>26.2</td>\n",
       "      <td>26550000</td>\n",
       "      <td>41</td>\n",
       "    </tr>\n",
       "    <tr>\n",
       "      <th>1</th>\n",
       "      <td>2012</td>\n",
       "      <td>17</td>\n",
       "      <td>AC Ajaccio</td>\n",
       "      <td>38</td>\n",
       "      <td>9</td>\n",
       "      <td>15</td>\n",
       "      <td>14</td>\n",
       "      <td>39:51</td>\n",
       "      <td>40</td>\n",
       "      <td>39</td>\n",
       "      <td>51</td>\n",
       "      <td>11</td>\n",
       "      <td>0</td>\n",
       "      <td>9</td>\n",
       "      <td>0</td>\n",
       "      <td>0</td>\n",
       "      <td>32</td>\n",
       "      <td>27.2</td>\n",
       "      <td>34100000</td>\n",
       "      <td>41</td>\n",
       "    </tr>\n",
       "    <tr>\n",
       "      <th>2</th>\n",
       "      <td>2013</td>\n",
       "      <td>20</td>\n",
       "      <td>AC Ajaccio</td>\n",
       "      <td>38</td>\n",
       "      <td>4</td>\n",
       "      <td>11</td>\n",
       "      <td>23</td>\n",
       "      <td>37:72</td>\n",
       "      <td>23</td>\n",
       "      <td>37</td>\n",
       "      <td>72</td>\n",
       "      <td>19</td>\n",
       "      <td>0</td>\n",
       "      <td>16</td>\n",
       "      <td>0</td>\n",
       "      <td>0</td>\n",
       "      <td>38</td>\n",
       "      <td>25.4</td>\n",
       "      <td>28300000</td>\n",
       "      <td>40</td>\n",
       "    </tr>\n",
       "    <tr>\n",
       "      <th>3</th>\n",
       "      <td>2011</td>\n",
       "      <td>20</td>\n",
       "      <td>AJ Auxerre</td>\n",
       "      <td>38</td>\n",
       "      <td>7</td>\n",
       "      <td>13</td>\n",
       "      <td>18</td>\n",
       "      <td>46:57</td>\n",
       "      <td>34</td>\n",
       "      <td>46</td>\n",
       "      <td>57</td>\n",
       "      <td>24</td>\n",
       "      <td>2750000</td>\n",
       "      <td>13</td>\n",
       "      <td>3500000</td>\n",
       "      <td>-750000</td>\n",
       "      <td>42</td>\n",
       "      <td>24.0</td>\n",
       "      <td>50900000</td>\n",
       "      <td>34</td>\n",
       "    </tr>\n",
       "    <tr>\n",
       "      <th>4</th>\n",
       "      <td>2013</td>\n",
       "      <td>2</td>\n",
       "      <td>AS Monaco</td>\n",
       "      <td>38</td>\n",
       "      <td>23</td>\n",
       "      <td>11</td>\n",
       "      <td>4</td>\n",
       "      <td>63:31</td>\n",
       "      <td>80</td>\n",
       "      <td>63</td>\n",
       "      <td>31</td>\n",
       "      <td>33</td>\n",
       "      <td>149200000</td>\n",
       "      <td>24</td>\n",
       "      <td>4750000</td>\n",
       "      <td>144450000</td>\n",
       "      <td>45</td>\n",
       "      <td>25.1</td>\n",
       "      <td>242550000</td>\n",
       "      <td>80</td>\n",
       "    </tr>\n",
       "  </tbody>\n",
       "</table>\n",
       "</div>"
      ],
      "text/plain": [
       "   Season Position        Team  Matches  Wins  Draws  Losses  Goals  Points  \\\n",
       "0    2011      16   AC Ajaccio       38     9     14      15  40:61      41   \n",
       "1    2012      17   AC Ajaccio       38     9     15      14  39:51      40   \n",
       "2    2013      20   AC Ajaccio       38     4     11      23  37:72      23   \n",
       "3    2011      20   AJ Auxerre       38     7     13      18  46:57      34   \n",
       "4    2013       2    AS Monaco       38    23     11       4  63:31      80   \n",
       "\n",
       "   GF  GA  Arrivals  Expenditure  Departures   Income    Balance  Squad  \\\n",
       "0  40  61        11       200000           7        0     200000     33   \n",
       "1  39  51        11            0           9        0          0     32   \n",
       "2  37  72        19            0          16        0          0     38   \n",
       "3  46  57        24      2750000          13  3500000    -750000     42   \n",
       "4  63  31        33    149200000          24  4750000  144450000     45   \n",
       "\n",
       "   Average_age  Market_value  Pts_year_before  \n",
       "0         26.2      26550000               41  \n",
       "1         27.2      34100000               41  \n",
       "2         25.4      28300000               40  \n",
       "3         24.0      50900000               34  \n",
       "4         25.1     242550000               80  "
      ]
     },
     "execution_count": 32,
     "metadata": {},
     "output_type": "execute_result"
    }
   ],
   "source": [
    "df.head()"
   ]
  },
  {
   "cell_type": "code",
   "execution_count": null,
   "metadata": {},
   "outputs": [
    {
     "data": {
      "application/vnd.plotly.v1+json": {
       "config": {
        "plotlyServerURL": "https://plot.ly"
       },
       "data": [
        {
         "colorscale": [
          [
           0,
           "#0d0887"
          ],
          [
           0.1111111111111111,
           "#46039f"
          ],
          [
           0.2222222222222222,
           "#7201a8"
          ],
          [
           0.3333333333333333,
           "#9c179e"
          ],
          [
           0.4444444444444444,
           "#bd3786"
          ],
          [
           0.5555555555555556,
           "#d8576b"
          ],
          [
           0.6666666666666666,
           "#ed7953"
          ],
          [
           0.7777777777777778,
           "#fb9f3a"
          ],
          [
           0.8888888888888888,
           "#fdca26"
          ],
          [
           1,
           "#f0f921"
          ]
         ],
         "reversescale": false,
         "showscale": true,
         "type": "heatmap",
         "x": [
          "Season",
          "Matches",
          "Wins",
          "Draws",
          "Losses",
          "Points",
          "GF",
          "GA",
          "Arrivals",
          "Expenditure",
          "Departures",
          "Income",
          "Balance",
          "Squad",
          "Average_age",
          "Market_value",
          "Pts_year_before"
         ],
         "y": [
          "Season",
          "Matches",
          "Wins",
          "Draws",
          "Losses",
          "Points",
          "GF",
          "GA",
          "Arrivals",
          "Expenditure",
          "Departures",
          "Income",
          "Balance",
          "Squad",
          "Average_age",
          "Market_value",
          "Pts_year_before"
         ],
         "z": [
          [
           1,
           -0.4059822545735486,
           -0.055051617183570004,
           -0.2104777544925184,
           -0.05740422732237518,
           0.008204645440023086,
           -0.028014828065809995,
           -0.036534197977433645,
           0.31046847281199286,
           0.22124741788588922,
           0.28623561963193095,
           0.2662930210830902,
           -0.06949862897924088,
           0.06990877157506009,
           -0.15577161980636012,
           0.3030112273813003,
           -0.005431876840740844
          ],
          [
           -0.4059822545735486,
           1,
           0.1890418888803555,
           0.31882870523599605,
           0.20319935478474027,
           -0.0036419555870584263,
           0.25586972906392064,
           0.3406033768099017,
           -0.14031632702670446,
           -0.16086885532756456,
           -0.13806751901247502,
           -0.19408258217750057,
           0.05104488897732685,
           0.13796517838727462,
           0.04830996396355935,
           -0.10445241496540661,
           0.027896879040644845
          ],
          [
           -0.055051617183570004,
           0.1890418888803555,
           1,
           -0.2664310634956132,
           -0.7747003965957713,
           0.9626779018301829,
           0.871454644681905,
           -0.6061957777023996,
           0.1369147632108919,
           0.5405156793316949,
           -0.03958175487909893,
           0.23466953575654134,
           0.2924520029603417,
           0.07613014376670632,
           -0.16551296563727008,
           0.6745187375755136,
           0.7296949183887201
          ],
          [
           -0.2104777544925184,
           0.31882870523599605,
           -0.2664310634956132,
           1,
           -0.1234812762138615,
           -0.1744872695972871,
           -0.1674505280547858,
           0.03162992906691186,
           -0.06647817066971815,
           -0.2686397837739725,
           -0.04238303973997923,
           -0.1107651413562281,
           -0.1518714768294326,
           -0.021667759785560663,
           0.060319482253121365,
           -0.3227537194470978,
           -0.21684415267234292
          ],
          [
           -0.05740422732237518,
           0.20319935478474027,
           -0.7747003965957713,
           -0.1234812762138615,
           1,
           -0.903224164689295,
           -0.659642217050278,
           0.8137667969954128,
           -0.18613628553194855,
           -0.5000414571200844,
           -0.014961653670859882,
           -0.2936099240644151,
           -0.18551410970797289,
           0.014503185919132607,
           0.16547927114481553,
           -0.5747345950903965,
           -0.6167996385861197
          ],
          [
           0.008204645440023086,
           -0.0036419555870584263,
           0.9626779018301829,
           -0.1744872695972871,
           -0.903224164689295,
           1,
           0.8254381293249589,
           -0.7305232179430735,
           0.16452448124524371,
           0.569009199611493,
           -0.015316503287366695,
           0.2903524648595164,
           0.2597299834692425,
           0.0366749414541371,
           -0.17204452470370596,
           0.6941093674654611,
           0.7311973462302693
          ],
          [
           -0.028014828065809995,
           0.25586972906392064,
           0.871454644681905,
           -0.1674505280547858,
           -0.659642217050278,
           0.8254381293249589,
           1,
           -0.33766386169085955,
           0.12876830037820958,
           0.5691799511243978,
           -0.03417742575264052,
           0.2161427668303757,
           0.3423840809097173,
           0.09027653310010965,
           -0.12204964210484529,
           0.716052604862649,
           0.656104032139215
          ],
          [
           -0.036534197977433645,
           0.3406033768099017,
           -0.6061957777023996,
           0.03162992906691186,
           0.8137667969954128,
           -0.7305232179430735,
           -0.33766386169085955,
           1,
           -0.10034707128794595,
           -0.3843215351711198,
           0.00683079775733128,
           -0.24983334437020238,
           -0.1157179961252415,
           0.07194314156579726,
           0.1325724053913372,
           -0.446876735023187,
           -0.5246513833759567
          ],
          [
           0.31046847281199286,
           -0.14031632702670446,
           0.1369147632108919,
           -0.06647817066971815,
           -0.18613628553194855,
           0.16452448124524371,
           0.12876830037820958,
           -0.10034707128794595,
           1,
           0.3852046056904918,
           0.7803201566876208,
           0.47853991872892676,
           -0.137570769973703,
           0.4003191323120391,
           -0.24201361668620994,
           0.2999471495577711,
           0.14014872965619052
          ],
          [
           0.22124741788588922,
           -0.16086885532756456,
           0.5405156793316949,
           -0.2686397837739725,
           -0.5000414571200844,
           0.569009199611493,
           0.5691799511243978,
           -0.3843215351711198,
           0.3852046056904918,
           1,
           0.20298589060738295,
           0.5638945343191861,
           0.3968679374874344,
           0.17923904349389758,
           -0.14722829006354646,
           0.8206077905026415,
           0.6025333166587419
          ],
          [
           0.28623561963193095,
           -0.13806751901247502,
           -0.03958175487909893,
           -0.04238303973997923,
           -0.014961653670859882,
           -0.015316503287366695,
           -0.03417742575264052,
           0.00683079775733128,
           0.7803201566876208,
           0.20298589060738295,
           1,
           0.29841858128105697,
           -0.12389663589590183,
           0.2855757723224423,
           -0.1942168080282689,
           0.1195253216017854,
           -0.07261867135809233
          ],
          [
           0.2662930210830902,
           -0.19408258217750057,
           0.23466953575654134,
           -0.1107651413562281,
           -0.2936099240644151,
           0.2903524648595164,
           0.2161427668303757,
           -0.24983334437020238,
           0.47853991872892676,
           0.5638945343191861,
           0.29841858128105697,
           1,
           -0.5342330761364953,
           0.28663810042440985,
           -0.31340133333844283,
           0.5373296266899048,
           0.4446719701134232
          ],
          [
           -0.06949862897924088,
           0.05104488897732685,
           0.2924520029603417,
           -0.1518714768294326,
           -0.18551410970797289,
           0.2597299834692425,
           0.3423840809097173,
           -0.1157179961252415,
           -0.137570769973703,
           0.3968679374874344,
           -0.12389663589590183,
           -0.5342330761364953,
           1,
           -0.13511067257711665,
           0.19762251191752975,
           0.2427671686434203,
           0.12252906217361403
          ],
          [
           0.06990877157506009,
           0.13796517838727462,
           0.07613014376670632,
           -0.021667759785560663,
           0.014503185919132607,
           0.0366749414541371,
           0.09027653310010965,
           0.07194314156579726,
           0.4003191323120391,
           0.17923904349389758,
           0.2855757723224423,
           0.28663810042440985,
           -0.13511067257711665,
           1,
           -0.43425272031358747,
           0.20582422414202448,
           0.20001510659202196
          ],
          [
           -0.15577161980636012,
           0.04830996396355935,
           -0.16551296563727008,
           0.060319482253121365,
           0.16547927114481553,
           -0.17204452470370596,
           -0.12204964210484529,
           0.1325724053913372,
           -0.24201361668620994,
           -0.14722829006354646,
           -0.1942168080282689,
           -0.31340133333844283,
           0.19762251191752975,
           -0.43425272031358747,
           1,
           -0.23661941193826375,
           -0.2009838522601271
          ],
          [
           0.3030112273813003,
           -0.10445241496540661,
           0.6745187375755136,
           -0.3227537194470978,
           -0.5747345950903965,
           0.6941093674654611,
           0.716052604862649,
           -0.446876735023187,
           0.2999471495577711,
           0.8206077905026415,
           0.1195253216017854,
           0.5373296266899048,
           0.2427671686434203,
           0.20582422414202448,
           -0.23661941193826375,
           1,
           0.696471745213858
          ],
          [
           -0.005431876840740844,
           0.027896879040644845,
           0.7296949183887201,
           -0.21684415267234292,
           -0.6167996385861197,
           0.7311973462302693,
           0.656104032139215,
           -0.5246513833759567,
           0.14014872965619052,
           0.6025333166587419,
           -0.07261867135809233,
           0.4446719701134232,
           0.12252906217361403,
           0.20001510659202196,
           -0.2009838522601271,
           0.696471745213858,
           1
          ]
         ]
        }
       ],
       "layout": {
        "annotations": [
         {
          "font": {
           "color": "#000000"
          },
          "showarrow": false,
          "text": "1.0",
          "x": "Season",
          "xref": "x",
          "y": "Season",
          "yref": "y"
         },
         {
          "font": {
           "color": "#FFFFFF"
          },
          "showarrow": false,
          "text": "-0.41",
          "x": "Matches",
          "xref": "x",
          "y": "Season",
          "yref": "y"
         },
         {
          "font": {
           "color": "#FFFFFF"
          },
          "showarrow": false,
          "text": "-0.06",
          "x": "Wins",
          "xref": "x",
          "y": "Season",
          "yref": "y"
         },
         {
          "font": {
           "color": "#FFFFFF"
          },
          "showarrow": false,
          "text": "-0.21",
          "x": "Draws",
          "xref": "x",
          "y": "Season",
          "yref": "y"
         },
         {
          "font": {
           "color": "#FFFFFF"
          },
          "showarrow": false,
          "text": "-0.06",
          "x": "Losses",
          "xref": "x",
          "y": "Season",
          "yref": "y"
         },
         {
          "font": {
           "color": "#FFFFFF"
          },
          "showarrow": false,
          "text": "0.01",
          "x": "Points",
          "xref": "x",
          "y": "Season",
          "yref": "y"
         },
         {
          "font": {
           "color": "#FFFFFF"
          },
          "showarrow": false,
          "text": "-0.03",
          "x": "GF",
          "xref": "x",
          "y": "Season",
          "yref": "y"
         },
         {
          "font": {
           "color": "#FFFFFF"
          },
          "showarrow": false,
          "text": "-0.04",
          "x": "GA",
          "xref": "x",
          "y": "Season",
          "yref": "y"
         },
         {
          "font": {
           "color": "#000000"
          },
          "showarrow": false,
          "text": "0.31",
          "x": "Arrivals",
          "xref": "x",
          "y": "Season",
          "yref": "y"
         },
         {
          "font": {
           "color": "#000000"
          },
          "showarrow": false,
          "text": "0.22",
          "x": "Expenditure",
          "xref": "x",
          "y": "Season",
          "yref": "y"
         },
         {
          "font": {
           "color": "#000000"
          },
          "showarrow": false,
          "text": "0.29",
          "x": "Departures",
          "xref": "x",
          "y": "Season",
          "yref": "y"
         },
         {
          "font": {
           "color": "#000000"
          },
          "showarrow": false,
          "text": "0.27",
          "x": "Income",
          "xref": "x",
          "y": "Season",
          "yref": "y"
         },
         {
          "font": {
           "color": "#FFFFFF"
          },
          "showarrow": false,
          "text": "-0.07",
          "x": "Balance",
          "xref": "x",
          "y": "Season",
          "yref": "y"
         },
         {
          "font": {
           "color": "#000000"
          },
          "showarrow": false,
          "text": "0.07",
          "x": "Squad",
          "xref": "x",
          "y": "Season",
          "yref": "y"
         },
         {
          "font": {
           "color": "#FFFFFF"
          },
          "showarrow": false,
          "text": "-0.16",
          "x": "Average_age",
          "xref": "x",
          "y": "Season",
          "yref": "y"
         },
         {
          "font": {
           "color": "#000000"
          },
          "showarrow": false,
          "text": "0.3",
          "x": "Market_value",
          "xref": "x",
          "y": "Season",
          "yref": "y"
         },
         {
          "font": {
           "color": "#FFFFFF"
          },
          "showarrow": false,
          "text": "-0.01",
          "x": "Pts_year_before",
          "xref": "x",
          "y": "Season",
          "yref": "y"
         },
         {
          "font": {
           "color": "#FFFFFF"
          },
          "showarrow": false,
          "text": "-0.41",
          "x": "Season",
          "xref": "x",
          "y": "Matches",
          "yref": "y"
         },
         {
          "font": {
           "color": "#000000"
          },
          "showarrow": false,
          "text": "1.0",
          "x": "Matches",
          "xref": "x",
          "y": "Matches",
          "yref": "y"
         },
         {
          "font": {
           "color": "#000000"
          },
          "showarrow": false,
          "text": "0.19",
          "x": "Wins",
          "xref": "x",
          "y": "Matches",
          "yref": "y"
         },
         {
          "font": {
           "color": "#000000"
          },
          "showarrow": false,
          "text": "0.32",
          "x": "Draws",
          "xref": "x",
          "y": "Matches",
          "yref": "y"
         },
         {
          "font": {
           "color": "#000000"
          },
          "showarrow": false,
          "text": "0.2",
          "x": "Losses",
          "xref": "x",
          "y": "Matches",
          "yref": "y"
         },
         {
          "font": {
           "color": "#FFFFFF"
          },
          "showarrow": false,
          "text": "-0.0",
          "x": "Points",
          "xref": "x",
          "y": "Matches",
          "yref": "y"
         },
         {
          "font": {
           "color": "#000000"
          },
          "showarrow": false,
          "text": "0.26",
          "x": "GF",
          "xref": "x",
          "y": "Matches",
          "yref": "y"
         },
         {
          "font": {
           "color": "#000000"
          },
          "showarrow": false,
          "text": "0.34",
          "x": "GA",
          "xref": "x",
          "y": "Matches",
          "yref": "y"
         },
         {
          "font": {
           "color": "#FFFFFF"
          },
          "showarrow": false,
          "text": "-0.14",
          "x": "Arrivals",
          "xref": "x",
          "y": "Matches",
          "yref": "y"
         },
         {
          "font": {
           "color": "#FFFFFF"
          },
          "showarrow": false,
          "text": "-0.16",
          "x": "Expenditure",
          "xref": "x",
          "y": "Matches",
          "yref": "y"
         },
         {
          "font": {
           "color": "#FFFFFF"
          },
          "showarrow": false,
          "text": "-0.14",
          "x": "Departures",
          "xref": "x",
          "y": "Matches",
          "yref": "y"
         },
         {
          "font": {
           "color": "#FFFFFF"
          },
          "showarrow": false,
          "text": "-0.19",
          "x": "Income",
          "xref": "x",
          "y": "Matches",
          "yref": "y"
         },
         {
          "font": {
           "color": "#000000"
          },
          "showarrow": false,
          "text": "0.05",
          "x": "Balance",
          "xref": "x",
          "y": "Matches",
          "yref": "y"
         },
         {
          "font": {
           "color": "#000000"
          },
          "showarrow": false,
          "text": "0.14",
          "x": "Squad",
          "xref": "x",
          "y": "Matches",
          "yref": "y"
         },
         {
          "font": {
           "color": "#FFFFFF"
          },
          "showarrow": false,
          "text": "0.05",
          "x": "Average_age",
          "xref": "x",
          "y": "Matches",
          "yref": "y"
         },
         {
          "font": {
           "color": "#FFFFFF"
          },
          "showarrow": false,
          "text": "-0.1",
          "x": "Market_value",
          "xref": "x",
          "y": "Matches",
          "yref": "y"
         },
         {
          "font": {
           "color": "#FFFFFF"
          },
          "showarrow": false,
          "text": "0.03",
          "x": "Pts_year_before",
          "xref": "x",
          "y": "Matches",
          "yref": "y"
         },
         {
          "font": {
           "color": "#FFFFFF"
          },
          "showarrow": false,
          "text": "-0.06",
          "x": "Season",
          "xref": "x",
          "y": "Wins",
          "yref": "y"
         },
         {
          "font": {
           "color": "#000000"
          },
          "showarrow": false,
          "text": "0.19",
          "x": "Matches",
          "xref": "x",
          "y": "Wins",
          "yref": "y"
         },
         {
          "font": {
           "color": "#000000"
          },
          "showarrow": false,
          "text": "1.0",
          "x": "Wins",
          "xref": "x",
          "y": "Wins",
          "yref": "y"
         },
         {
          "font": {
           "color": "#FFFFFF"
          },
          "showarrow": false,
          "text": "-0.27",
          "x": "Draws",
          "xref": "x",
          "y": "Wins",
          "yref": "y"
         },
         {
          "font": {
           "color": "#FFFFFF"
          },
          "showarrow": false,
          "text": "-0.77",
          "x": "Losses",
          "xref": "x",
          "y": "Wins",
          "yref": "y"
         },
         {
          "font": {
           "color": "#000000"
          },
          "showarrow": false,
          "text": "0.96",
          "x": "Points",
          "xref": "x",
          "y": "Wins",
          "yref": "y"
         },
         {
          "font": {
           "color": "#000000"
          },
          "showarrow": false,
          "text": "0.87",
          "x": "GF",
          "xref": "x",
          "y": "Wins",
          "yref": "y"
         },
         {
          "font": {
           "color": "#FFFFFF"
          },
          "showarrow": false,
          "text": "-0.61",
          "x": "GA",
          "xref": "x",
          "y": "Wins",
          "yref": "y"
         },
         {
          "font": {
           "color": "#000000"
          },
          "showarrow": false,
          "text": "0.14",
          "x": "Arrivals",
          "xref": "x",
          "y": "Wins",
          "yref": "y"
         },
         {
          "font": {
           "color": "#000000"
          },
          "showarrow": false,
          "text": "0.54",
          "x": "Expenditure",
          "xref": "x",
          "y": "Wins",
          "yref": "y"
         },
         {
          "font": {
           "color": "#FFFFFF"
          },
          "showarrow": false,
          "text": "-0.04",
          "x": "Departures",
          "xref": "x",
          "y": "Wins",
          "yref": "y"
         },
         {
          "font": {
           "color": "#000000"
          },
          "showarrow": false,
          "text": "0.23",
          "x": "Income",
          "xref": "x",
          "y": "Wins",
          "yref": "y"
         },
         {
          "font": {
           "color": "#000000"
          },
          "showarrow": false,
          "text": "0.29",
          "x": "Balance",
          "xref": "x",
          "y": "Wins",
          "yref": "y"
         },
         {
          "font": {
           "color": "#000000"
          },
          "showarrow": false,
          "text": "0.08",
          "x": "Squad",
          "xref": "x",
          "y": "Wins",
          "yref": "y"
         },
         {
          "font": {
           "color": "#FFFFFF"
          },
          "showarrow": false,
          "text": "-0.17",
          "x": "Average_age",
          "xref": "x",
          "y": "Wins",
          "yref": "y"
         },
         {
          "font": {
           "color": "#000000"
          },
          "showarrow": false,
          "text": "0.67",
          "x": "Market_value",
          "xref": "x",
          "y": "Wins",
          "yref": "y"
         },
         {
          "font": {
           "color": "#000000"
          },
          "showarrow": false,
          "text": "0.73",
          "x": "Pts_year_before",
          "xref": "x",
          "y": "Wins",
          "yref": "y"
         },
         {
          "font": {
           "color": "#FFFFFF"
          },
          "showarrow": false,
          "text": "-0.21",
          "x": "Season",
          "xref": "x",
          "y": "Draws",
          "yref": "y"
         },
         {
          "font": {
           "color": "#000000"
          },
          "showarrow": false,
          "text": "0.32",
          "x": "Matches",
          "xref": "x",
          "y": "Draws",
          "yref": "y"
         },
         {
          "font": {
           "color": "#FFFFFF"
          },
          "showarrow": false,
          "text": "-0.27",
          "x": "Wins",
          "xref": "x",
          "y": "Draws",
          "yref": "y"
         },
         {
          "font": {
           "color": "#000000"
          },
          "showarrow": false,
          "text": "1.0",
          "x": "Draws",
          "xref": "x",
          "y": "Draws",
          "yref": "y"
         },
         {
          "font": {
           "color": "#FFFFFF"
          },
          "showarrow": false,
          "text": "-0.12",
          "x": "Losses",
          "xref": "x",
          "y": "Draws",
          "yref": "y"
         },
         {
          "font": {
           "color": "#FFFFFF"
          },
          "showarrow": false,
          "text": "-0.17",
          "x": "Points",
          "xref": "x",
          "y": "Draws",
          "yref": "y"
         },
         {
          "font": {
           "color": "#FFFFFF"
          },
          "showarrow": false,
          "text": "-0.17",
          "x": "GF",
          "xref": "x",
          "y": "Draws",
          "yref": "y"
         },
         {
          "font": {
           "color": "#FFFFFF"
          },
          "showarrow": false,
          "text": "0.03",
          "x": "GA",
          "xref": "x",
          "y": "Draws",
          "yref": "y"
         },
         {
          "font": {
           "color": "#FFFFFF"
          },
          "showarrow": false,
          "text": "-0.07",
          "x": "Arrivals",
          "xref": "x",
          "y": "Draws",
          "yref": "y"
         },
         {
          "font": {
           "color": "#FFFFFF"
          },
          "showarrow": false,
          "text": "-0.27",
          "x": "Expenditure",
          "xref": "x",
          "y": "Draws",
          "yref": "y"
         },
         {
          "font": {
           "color": "#FFFFFF"
          },
          "showarrow": false,
          "text": "-0.04",
          "x": "Departures",
          "xref": "x",
          "y": "Draws",
          "yref": "y"
         },
         {
          "font": {
           "color": "#FFFFFF"
          },
          "showarrow": false,
          "text": "-0.11",
          "x": "Income",
          "xref": "x",
          "y": "Draws",
          "yref": "y"
         },
         {
          "font": {
           "color": "#FFFFFF"
          },
          "showarrow": false,
          "text": "-0.15",
          "x": "Balance",
          "xref": "x",
          "y": "Draws",
          "yref": "y"
         },
         {
          "font": {
           "color": "#FFFFFF"
          },
          "showarrow": false,
          "text": "-0.02",
          "x": "Squad",
          "xref": "x",
          "y": "Draws",
          "yref": "y"
         },
         {
          "font": {
           "color": "#000000"
          },
          "showarrow": false,
          "text": "0.06",
          "x": "Average_age",
          "xref": "x",
          "y": "Draws",
          "yref": "y"
         },
         {
          "font": {
           "color": "#FFFFFF"
          },
          "showarrow": false,
          "text": "-0.32",
          "x": "Market_value",
          "xref": "x",
          "y": "Draws",
          "yref": "y"
         },
         {
          "font": {
           "color": "#FFFFFF"
          },
          "showarrow": false,
          "text": "-0.22",
          "x": "Pts_year_before",
          "xref": "x",
          "y": "Draws",
          "yref": "y"
         },
         {
          "font": {
           "color": "#FFFFFF"
          },
          "showarrow": false,
          "text": "-0.06",
          "x": "Season",
          "xref": "x",
          "y": "Losses",
          "yref": "y"
         },
         {
          "font": {
           "color": "#000000"
          },
          "showarrow": false,
          "text": "0.2",
          "x": "Matches",
          "xref": "x",
          "y": "Losses",
          "yref": "y"
         },
         {
          "font": {
           "color": "#FFFFFF"
          },
          "showarrow": false,
          "text": "-0.77",
          "x": "Wins",
          "xref": "x",
          "y": "Losses",
          "yref": "y"
         },
         {
          "font": {
           "color": "#FFFFFF"
          },
          "showarrow": false,
          "text": "-0.12",
          "x": "Draws",
          "xref": "x",
          "y": "Losses",
          "yref": "y"
         },
         {
          "font": {
           "color": "#000000"
          },
          "showarrow": false,
          "text": "1.0",
          "x": "Losses",
          "xref": "x",
          "y": "Losses",
          "yref": "y"
         },
         {
          "font": {
           "color": "#FFFFFF"
          },
          "showarrow": false,
          "text": "-0.9",
          "x": "Points",
          "xref": "x",
          "y": "Losses",
          "yref": "y"
         },
         {
          "font": {
           "color": "#FFFFFF"
          },
          "showarrow": false,
          "text": "-0.66",
          "x": "GF",
          "xref": "x",
          "y": "Losses",
          "yref": "y"
         },
         {
          "font": {
           "color": "#000000"
          },
          "showarrow": false,
          "text": "0.81",
          "x": "GA",
          "xref": "x",
          "y": "Losses",
          "yref": "y"
         },
         {
          "font": {
           "color": "#FFFFFF"
          },
          "showarrow": false,
          "text": "-0.19",
          "x": "Arrivals",
          "xref": "x",
          "y": "Losses",
          "yref": "y"
         },
         {
          "font": {
           "color": "#FFFFFF"
          },
          "showarrow": false,
          "text": "-0.5",
          "x": "Expenditure",
          "xref": "x",
          "y": "Losses",
          "yref": "y"
         },
         {
          "font": {
           "color": "#FFFFFF"
          },
          "showarrow": false,
          "text": "-0.01",
          "x": "Departures",
          "xref": "x",
          "y": "Losses",
          "yref": "y"
         },
         {
          "font": {
           "color": "#FFFFFF"
          },
          "showarrow": false,
          "text": "-0.29",
          "x": "Income",
          "xref": "x",
          "y": "Losses",
          "yref": "y"
         },
         {
          "font": {
           "color": "#FFFFFF"
          },
          "showarrow": false,
          "text": "-0.19",
          "x": "Balance",
          "xref": "x",
          "y": "Losses",
          "yref": "y"
         },
         {
          "font": {
           "color": "#FFFFFF"
          },
          "showarrow": false,
          "text": "0.01",
          "x": "Squad",
          "xref": "x",
          "y": "Losses",
          "yref": "y"
         },
         {
          "font": {
           "color": "#000000"
          },
          "showarrow": false,
          "text": "0.17",
